1 -0 0 0 0 1 -0 0 0 0 1 0
0.999977 -0.00151676 -0.0066133 0.0880177 0.00158935 0.999938 0.0109845 0.00895559 0.00659623 -0.0109947 0.999918 -0.0177686
0.999931 -0.00848369 -0.00816287 0.115916 0.00863405 0.99979 0.0185651 0.013879 0.00800366 -0.0186343 0.999794 -0.0422227
0.999944 -0.0038083 -0.00982927 0.485814 0.00392086 0.999927 0.0114581 0.0409175 0.00978492 -0.011496 0.999886 -0.0409197
0.99998 -0.00454171 -0.00433461 0.755516 0.00467969 0.999465 0.0323708 0.0392801 0.00418527 -0.0323904 0.999467 -0.0276789
0.999987 -0.00207488 -0.00456657 1.06148 0.00226015 0.999159 0.0409456 0.0470439 0.00447777 -0.0409554 0.999151 -0.0362169
0.999991 -0.00390684 -0.00167024 1.30331 0.00394895 0.999654 0.0259971 0.0410205 0.0015681 -0.0260034 0.999661 -0.05025
0.999985 -0.0049847 0.00221922 1.61832 0.00493404 0.99974 0.0222756 0.0306982 -0.00232968 -0.0222643 0.999749 -0.0266853
0.999999 -0.00136635 0.000725528 1.87651 0.00135368 0.999851 0.017189 0.0214769 -0.000748906 -0.017188 0.999852 -0.0547275
0.999916 0.00356023 0.0124264 2.25728 -0.00379201 0.999818 0.0186789 0.0247996 -0.0123576 -0.0187244 0.999748 -0.0201332
0.999831 0.00482903 0.0177299 2.75896 -0.00501285 0.999934 0.0103376 0.0173154 -0.0176788 -0.0104247 0.999789 -0.0473296
0.999809 0.00909268 0.0172815 3.19072 -0.00923062 0.999926 0.00791893 0.0247877 -0.0172082 -0.00807694 0.999819 -0.0345562
0.999553 0.0153562 0.0256424 3.57525 -0.0154033 0.99988 0.0016385 0.0300489 -0.0256141 -0.00203274 0.99967 -0.0496151
0.999469 0.01488 0.0289819 3.98763 -0.0152981 0.999781 0.0142602 0.031679 -0.0287633 -0.014696 0.999478 -0.0543434
0.999245 0.0194082 0.0336555 4.43087 -0.0198917 0.999703 0.0140901 0.0498338 -0.033372 -0.0147489 0.999334 -0.0454899
0.987871 0.152904 0.0270596 4.4343 -0.15333 0.98807 0.0144225 0.0457847 -0.0245315 -0.0183966 0.99953 -0.0439483
0.959127 0.280881 0.0343577 4.41769 -0.281536 0.959419 0.0159057 0.044424 -0.0284959 -0.0249285 0.999283 -0.0530692
0.915532 0.40013 0.0411975 4.42032 -0.40106 0.91589 0.0171937 0.0433375 -0.0308527 -0.0322641 0.999003 -0.0492313
0.879077 0.475554 0.032724 4.42734 -0.476172 0.879236 0.014282 0.02804 -0.0219803 -0.0281372 0.999362 -0.0570407
0.875255 0.481412 0.046597 4.7507 -0.482714 0.875505 0.0218855 -0.137664 -0.0302599 -0.0416484 0.998674 -0.019973
0.89281 0.44741 0.0520968 4.91101 -0.448844 0.893397 0.0195375 -0.227849 -0.0378018 -0.0408266 0.998451 -0.0325283
0.944928 0.322937 0.0531344 4.91764 -0.324517 0.94557 0.024192 -0.226245 -0.0424298 -0.0401027 0.998294 -0.0355151
0.981014 0.186188 0.0542657 4.91788 -0.187746 0.981896 0.0251338 -0.237827 -0.0486036 -0.0348448 0.99821 -0.0424742
0.995094 0.0847943 0.0509751 4.90953 -0.0859179 0.996096 0.0202654 -0.243293 -0.0490577 -0.0245457 0.998494 -0.0649509
0.997367 0.0476205 0.054688 4.96282 -0.0489926 0.99851 0.0240284 -0.252548 -0.0534623 -0.0266445 0.998214 -0.057281
0.997233 0.0461585 0.0582754 5.33413 -0.0479956 0.998381 0.0305274 -0.28654 -0.056772 -0.0332399 0.997834 -0.0871806
0.996399 0.0500042 0.0684761 5.57972 -0.0525828 0.997953 0.0363863 -0.308531 -0.0665165 -0.039856 0.996989 -0.0918772
0.995997 0.0548131 0.0706119 5.85143 -0.056554 0.998137 0.0228943 -0.315814 -0.0692254 -0.026796 0.997241 -0.125345
0.995556 0.0628833 0.0700949 6.08903 -0.064559 0.997674 0.0219016 -0.30336 -0.0685545 -0.0263295 0.9973 -0.121901
0.995629 0.0603012 0.0713212 6.29796 -0.0625095 0.997619 0.0291459 -0.318108 -0.0693938 -0.0334767 0.997027 -0.136097
0.99625 0.0495837 0.0709042 6.28943 -0.0515133 0.998343 0.0256489 -0.328351 -0.0695149 -0.0292052 0.997153 -0.138826
0.996229 -0.0437394 0.0749288 6.2767 0.0419933 0.998812 0.0247233 -0.302427 -0.0759211 -0.0214836 0.996882 -0.144931
0.984698 -0.158431 0.072586 6.29873 0.155718 0.986923 0.0416601 -0.305719 -0.078237 -0.0297197 0.996492 -0.133231
0.961479 -0.264697 0.0741179 6.29472 0.264188 0.964325 0.0167703 -0.293623 -0.0759128 0.00345678 0.997108 -0.145487
0.932505 -0.352083 0.0804509 6.29353 0.351976 0.935873 0.0159716 -0.292317 -0.0809151 0.0134232 0.996631 -0.155124
0.872298 -0.483128 0.0753948 6.29169 0.481637 0.875544 0.0380512 -0.299182 -0.0843951 0.00312099 0.996427 -0.122559
0.822093 -0.564154 0.0767724 6.28601 0.564653 0.825151 0.0171254 -0.277122 -0.0730102 0.0292711 0.996902 -0.159769
0.734889 -0.67396 0.0756037 6.28187 0.674788 0.737795 0.0178614 -0.288858 -0.0678179 0.0378903 0.996978 -0.147966
0.642002 -0.763223 0.0729594 6.2925 0.764922 0.644086 0.00684824 -0.274767 -0.0522189 0.0514117 0.997311 -0.156589
0.537199 -0.840168 0.0743927 6.28863 0.841585 0.53979 0.0190326 -0.258368 -0.056147 0.0523834 0.997047 -0.139856
0.423709 -0.902546 0.076691 6.27973 0.904262 0.4264 0.0221894 -0.26211 -0.052728 0.059947 0.996808 -0.15094
0.29502 -0.952497 0.0755813 6.27327 0.954446 0.297473 0.0233007 -0.252272 -0.0446772 0.0652641 0.996867 -0.140026
0.151207 -0.985577 0.0759935 6.26949 0.986348 0.155504 0.0541896 -0.254306 -0.0652253 0.0667622 0.995635 -0.134621
0.0360588 -0.996735 0.0722444 6.25927 0.998799 0.0383445 0.030505 -0.241666 -0.0331756 0.0710576 0.99692 -0.149541
-0.11883 -0.990364 0.0711183 6.26516 0.992663 -0.11688 0.0309863 -0.242989 -0.0223754 0.0742785 0.996986 -0.170135
-0.245439 -0.967261 0.0645463 6.25976 0.968851 -0.242487 0.050279 -0.239686 -0.0329812 0.0748762 0.996647 -0.153332
-0.370666 -0.925624 0.0763313 6.26462 0.928381 -0.366892 0.0591596 -0.240141 -0.0267543 0.092793 0.995326 -0.153064
-0.471656 -0.878925 0.0709356 6.2538 0.881777 -0.470429 0.0341609 -0.249823 0.00334532 0.0786615 0.996896 -0.15699
-0.578955 -0.812523 0.0679481 6.24065 0.815273 -0.578091 0.0337596 -0.245843 0.0118498 0.0749416 0.997118 -0.161115
-0.690305 -0.720523 0.0657631 6.24964 0.723348 -0.689261 0.0410862 -0.264397 0.0157244 0.0759316 0.996989 -0.143958
-0.791752 -0.60699 0.0684912 6.24331 0.610123 -0.791274 0.0404511 -0.265431 0.0296418 0.0738153 0.996831 -0.142715
-0.864268 -0.497956 0.0712817 6.23671 0.501688 -0.863611 0.0498477 -0.278355 0.0367377 0.078843 0.99621 -0.147201
-0.920513 -0.384741 0.0680441 6.24165 0.387907 -0.920769 0.0413866 -0.286289 0.0467297 0.0644917 0.996824 -0.146051
-0.957599 -0.282463 0.056738 6.2355 0.284556 -0.958096 0.0328504 -0.289992 0.0450814 0.0476027 0.997849 -0.154787
-0.987591 -0.143854 0.063009 6.23226 0.145269 -0.98922 0.0184488 -0.284321 0.0596758 0.0273731 0.997842 -0.158089
-0.997842 -0.0149771 0.0639352 6.232 0.016861 -0.999436 0.029029 -0.278372 0.0634644 0.0300444 0.997532 -0.154332
-0.997643 -0.0182487 0.0661452 6.15877 0.020762 -0.999081 0.0375096 -0.280833 0.0653999 0.0387945 0.997105 -0.138745
-0.997634 -0.00909753 0.068139 5.93645 0.011096 -0.999518 0.0290082 -0.270234 0.0678422 0.0296956 0.997254 -0.102658
-0.997678 -0.0138117 0.0666882 5.65888 0.014707 -0.999808 0.0129531 -0.285289 0.0664965 0.0139038 0.99769 -0.0900252
-0.997971 -0.0119354 0.062534 5.36886 0.0152204 -0.998514 0.0523217 -0.282112 0.0618166 0.0531674 0.99667 -0.0533472
-0.999028 -0.0165262 0.0408715 4.96046 0.0184066 -0.998769 0.0460667 -0.281906 0.0400599 0.0467742 0.998102 -0.0433701
-0.999247 -0.0209027 0.0327025 4.53613 0.0221381 -0.999037 0.0378813 -0.298605 0.0318792 0.0385767 0.998747 -0.049197
-0.999292 -0.0316896 0.020284 4.04584 0.0323599 -0.998911 0.0336177 -0.307405 0.0191966 0.0342503 0.999229 -0.0179518
-0.999284 -0.0314397 0.0210342 3.50259 0.0321193 -0.998946 0.0327888 -0.286085 0.0199811 0.0334409 0.999241 0.0256533
-0.993305 -0.111063 0.031785 3.35003 0.112331 -0.992809 0.0413648 -0.307356 0.0269623 0.0446583 0.998638 0.0814736
-0.96782 -0.250092 0.0279058 3.3514 0.251029 -0.967249 0.037597 -0.299936 0.0175892 0.0433923 0.998903 0.0566872
-0.919381 -0.39276 0.0218882 3.35397 0.393344 -0.918527 0.0398574 -0.294406 0.00445053 0.0452538 0.998966 0.0584233
-0.842289 -0.538695 0.0188844 3.35879 0.53901 -0.841481 0.0371294 -0.288644 -0.00411056 0.0414526 0.999132 0.0462829
-0.760118 -0.649374 0.023124 3.36204 0.649714 -0.759022 0.0419186 -0.291278 -0.0096692 0.046887 0.998853 0.0628292
-0.654454 -0.755561 0.0285806 3.36277 0.756069 -0.653611 0.0339474 -0.295974 -0.00696875 0.043826 0.999015 0.0313003
-0.530269 -0.846976 0.0380306 3.36193 0.847746 -0.529056 0.0377546 -0.293127 -0.0118569 0.0522604 0.998563 0.0394966
-0.405314 -0.913501 0.0351701 3.3684 0.913879 -0.403897 0.0411421 -0.300431 -0.0233783 0.0488167 0.998534 0.0658198
-0.269317 -0.96244 0.0343289 3.34954 0.962716 -0.268111 0.0359933 -0.303408 -0.0254374 0.0427426 0.998762 0.0407607
-0.117497 -0.992148 0.042848 3.35493 0.992752 -0.116253 0.0304595 -0.304333 -0.0252391 0.0461164 0.998617 0.0380855
0.037801 -0.998207 0.0464078 3.35953 0.998691 0.0393388 0.0326823 -0.300924 -0.0344493 0.0451117 0.998388 0.0417121
0.0358727 -0.998639 0.0378493 3.37359 0.998741 0.0371536 0.0336986 -0.114165 -0.035059 0.0365928 0.998715 0.0220137
0.042429 -0.998505 0.0344632 3.38133 0.998228 0.0438069 0.0402633 0.450844 -0.0417128 0.0326938 0.998595 -0.00638375
0.0463358 -0.998626 0.0244845 3.40075 0.998028 0.0473192 0.0412395 1.02048 -0.0423414 0.0225253 0.998849 -0.0113494
0.0511525 -0.998216 0.0308063 3.42057 0.997418 0.05262 0.0488762 1.55292 -0.05041 0.0282266 0.99833 -0.0551478
0.0545756 -0.997785 0.0380407 3.42603 0.996613 0.0567793 0.0594821 2.06995 -0.0615102 0.0346656 0.997504 -0.0911607
0.062087 -0.997562 0.0318757 3.42455 0.996635 0.0636783 0.0516046 2.33195 -0.0535086 0.0285644 0.998159 -0.0975425
0.0630204 -0.996954 0.0459523 3.4426 0.995844 0.0658506 0.062924 2.66401 -0.0657583 0.0417958 0.99696 -0.104541
0.0756452 -0.996154 0.0442216 3.4538 0.99538 0.0780676 0.0558917 3.14964 -0.059129 0.0397894 0.997457 -0.105245
0.0815683 -0.995849 0.0403956 3.47602 0.994244 0.084128 0.0663433 3.53908 -0.0694663 0.0347516 0.996979 -0.134066
0.11634 -0.992285 0.0428425 3.485 0.990668 0.119018 0.0664254 3.78131 -0.071012 0.0347148 0.996871 -0.127188
0.272316 -0.961114 0.045876 3.48388 0.959371 0.274863 0.0637007 3.78169 -0.0738332 0.0266654 0.996914 -0.126097
0.389047 -0.919745 0.0520791 3.46791 0.916745 0.392103 0.0763852 3.77063 -0.0906752 0.0180258 0.995717 -0.159716
0.393847 -0.9178 0.0502797 3.54772 0.914941 0.39669 0.074294 3.96709 -0.0881325 0.0167425 0.995968 -0.173148
0.398185 -0.915667 0.0548021 3.67333 0.912364 0.401525 0.0798087 4.29869 -0.0950826 0.0182208 0.995303 -0.223728
0.398192 -0.915218 0.0618025 3.76527 0.911546 0.402331 0.0849362 4.54735 -0.1026 0.0225149 0.994468 -0.259206
0.403061 -0.913511 0.0551282 3.8862 0.909132 0.406583 0.0903816 4.8455 -0.104979 0.0136896 0.99438 -0.305614
0.368759 -0.928608 0.0412733 3.94109 0.924341 0.371024 0.0890801 4.9705 -0.0980339 0.00530149 0.995169 -0.296116
0.252514 -0.966174 0.0523856 3.94293 0.962471 0.256372 0.0890076 4.9688 -0.099427 0.027944 0.994652 -0.315059
0.146786 -0.988025 0.0475472 3.94196 0.984155 0.150706 0.0934193 4.97422 -0.0994662 0.0330812 0.994491 -0.310087
0.0512855 -0.997453 0.0495678 3.94113 0.99425 0.0556666 0.0914763 4.96017 -0.0940026 0.0445913 0.994573 -0.302881
0.0107996 -0.998412 0.0552888 3.92785 0.99586 0.0157299 0.0895308 5.11307 -0.0902583 0.054093 0.994448 -0.305164
0.0170355 -0.996934 0.0763639 3.91967 0.995898 0.0237064 0.0873206 5.54725 -0.0888633 0.0745631 0.993249 -0.326349
0.0271285 -0.99577 0.0877829 3.92657 0.996175 0.0342275 0.0804035 5.93275 -0.083068 0.0852659 0.992889 -0.363779
-0.00772427 -0.998176 0.0598734 3.92291 0.996401 -0.00262834 0.0847274 6.0718 -0.0844155 0.0603123 0.994604 -0.366193
-0.111635 -0.991216 0.0709146 3.91117 0.990723 -0.105446 0.0857291 6.0662 -0.0774984 0.0798271 0.993792 -0.365322
-0.208994 -0.975574 0.0676604 3.90258 0.975456 -0.203063 0.0851576 6.06448 -0.0693383 0.0837971 0.994068 -0.372769
-0.318411 -0.944454 0.0813652 3.89579 0.946232 -0.31149 0.0872896 6.07175 -0.0570966 0.104784 0.992855 -0.373979
-0.419229 -0.904676 0.0762149 3.88552 0.906806 -0.413172 0.0836154 6.07203 -0.044155 0.104166 0.993579 -0.356105
-0.539485 -0.839633 0.0630354 3.89373 0.840883 -0.533413 0.0915744 6.06651 -0.0432649 0.102408 0.993801 -0.369376
-0.636205 -0.767727 0.0764113 3.89021 0.771225 -0.630097 0.0904899 6.0687 -0.0213249 0.1165 0.992962 -0.367397
-0.727127 -0.680026 0.0940815 3.89127 0.68649 -0.721097 0.0935435 6.06277 0.00422987 0.132604 0.99116 -0.373924
-0.803775 -0.588428 0.0877414 3.89446 0.59479 -0.798037 0.0967582 6.06676 0.0130857 0.129959 0.991433 -0.376725
-0.874031 -0.479657 0.0774547 3.87826 0.485263 -0.869747 0.089784 6.06365 0.0243004 0.11606 0.992945 -0.361415
-0.927818 -0.364296 0.0802637 3.88035 0.370615 -0.924674 0.0873089 6.06796 0.0424115 0.110754 0.992943 -0.370329
-0.960393 -0.262231 0.0942377 3.86832 0.270504 -0.958557 0.0894208 6.06903 0.0668833 0.111371 0.991526 -0.380594
-0.977113 -0.197899 0.0780115 3.87352 0.204733 -0.974451 0.0923557 6.06376 0.0577413 0.106214 0.992665 -0.378817
-0.975738 -0.210425 0.0604689 3.6326 0.215432 -0.972005 0.0937789 6.09676 0.0390427 0.104531 0.993755 -0.372497
-0.974516 -0.216328 0.0593424 3.4683 0.220982 -0.97128 0.0882135 6.1206 0.0385551 0.099079 0.994332 -0.377032
-0.974339 -0.21813 0.0555312 3.27038 0.22189 -0.972245 0.0741917 6.16302 0.0378065 0.0846097 0.995697 -0.347425
-0.978989 -0.194806 0.0602603 3.06974 0.200256 -0.97421 0.103981 6.18906 0.0384501 0.113864 0.992752 -0.35694
-0.97878 -0.197689 0.0539322 2.83486 0.202791 -0.972277 0.116421 6.22789 0.0294219 0.124887 0.991735 -0.386078
-0.983555 -0.174842 0.0452748 2.69455 0.178851 -0.977773 0.109422 6.24848 0.025137 0.11572 0.992964 -0.335613
-0.997945 -0.0444651 0.0461371 2.70629 0.0495135 -0.992157 0.114774 6.2592 0.0406718 0.116823 0.99232 -0.350376
-0.993606 0.0972778 0.0572995 2.70148 -0.0905092 -0.989716 0.110767 6.24848 0.0674855 0.104873 0.992193 -0.350876
-0.97336 0.225602 0.0409109 2.70681 -0.220077 -0.96934 0.109299 6.25109 0.0643148 0.0973842 0.993167 -0.346873
-0.930112 0.3644 0.0458824 2.71086 -0.357857 -0.927269 0.110051 6.25972 0.0826478 0.0859401 0.992866 -0.370039
-0.878383 0.47562 0.0472108 2.70595 -0.470509 -0.877836 0.0895832 6.24598 0.0840509 0.0564752 0.99486 -0.327115
-0.812544 0.581011 0.0468827 2.71359 -0.575419 -0.812362 0.0946556 6.26385 0.0930817 0.0499346 0.994406 -0.354421
-0.730141 0.681161 0.0539798 2.71577 -0.674664 -0.731181 0.10101 6.27708 0.108273 0.0373331 0.99342 -0.357377
-0.631072 0.773352 0.0606199 2.70484 -0.767782 -0.633855 0.0934813 6.26998 0.110718 0.0124506 0.993774 -0.352048
-0.5438 0.837596 0.0521046 2.70772 -0.833291 -0.546283 0.0848612 6.27522 0.0995433 0.00272926 0.995029 -0.364195
-0.438707 0.897417 0.0466692 2.70817 -0.894589 -0.441065 0.0719194 6.31202 0.0851258 -0.0101982 0.996318 -0.359835
-0.330037 0.942549 0.0517385 2.70583 -0.939718 -0.333252 0.0766363 6.29147 0.0894755 -0.0233268 0.995716 -0.359719
-0.334633 0.940674 0.0561467 2.67036 -0.938313 -0.338116 0.0724283 6.17592 0.0871155 -0.0284463 0.995792 -0.341101
-0.350376 0.935878 0.0370047 2.60648 -0.932984 -0.35222 0.0740337 5.95303 0.0823203 -0.00858512 0.996569 -0.311135
-0.350777 0.936175 0.0230505 2.53442 -0.933892 -0.351531 0.065362 5.73671 0.0692933 0.00140087 0.997595 -0.261926
-0.349021 0.936566 0.0320759 2.50099 -0.932441 -0.350491 0.0878076 5.57404 0.0934799 0.000737841 0.995621 -0.30619
-0.352173 0.935563 0.0264003 2.44494 -0.931928 -0.353133 0.0825106 5.37499 0.0865166 0.00445484 0.99624 -0.338979
-0.339581 0.940538 0.00854625 2.35988 -0.936636 -0.338975 0.0883695 5.10026 0.0860119 0.0220038 0.996051 -0.335061
-0.339977 0.940359 0.011843 2.27345 -0.937124 -0.33981 0.0795451 4.84575 0.0788253 0.0159452 0.996761 -0.280255
-0.339711 0.940519 -0.00453111 2.2032 -0.938433 -0.338628 0.0683757 4.55286 0.0627743 0.0274801 0.997649 -0.232027
-0.346907 0.937692 -0.0197449 2.07794 -0.936373 -0.345065 0.0643051 4.1967 0.053485 0.0407965 0.997735 -0.216424
-0.313236 0.949407 -0.0225881 2.01824 -0.948211 -0.311345 0.062924 3.96695 0.0527078 0.0411283 0.997763 -0.202891
-0.19374 0.980861 -0.0194062 2.01795 -0.979332 -0.192191 0.0630215 3.96486 0.0580856 0.0312149 0.997823 -0.205881
-0.145894 0.988791 -0.031736 1.98805 -0.98761 -0.143696 0.0630641 3.80179 0.0577969 0.0405435 0.997505 -0.213797
-0.146012 0.988684 -0.0344234 1.93755 -0.987832 -0.143826 0.0591774 3.28587 0.0535567 0.0426452 0.997654 -0.166525
-0.156251 0.986976 -0.0382597 1.85403 -0.986299 -0.153834 0.0595727 2.80551 0.0529112 0.0470438 0.99749 -0.133192
-0.0901871 0.995043 -0.0419077 1.85297 -0.994406 -0.0876465 0.0589521 2.78144 0.0549868 0.0469899 0.997381 -0.123189
-0.0890848 0.995319 -0.0374716 1.81768 -0.994991 -0.0872164 0.0488486 2.27015 0.0453518 0.0416356 0.998103 -0.119021
-0.0925302 0.994592 -0.0471663 1.78886 -0.994554 -0.0900377 0.0524851 1.79336 0.0479545 0.0517659 0.997507 -0.0741918
-0.0840424 0.996151 -0.0248953 1.78834 -0.995543 -0.0828656 0.0450368 1.50637 0.0428005 0.0285693 0.998675 -0.0400713
-0.0193124 0.99917 -0.0358658 1.77366 -0.998731 -0.0176101 0.0471847 1.49222 0.0465139 0.0367315 0.998242 -0.0558302
-0.0194614 0.999472 -0.0260226 1.78395 -0.998967 -0.0183697 0.041553 1.11493 0.0410531 0.0268044 0.998797 -0.0262071
-0.0133526 0.999906 -0.00320155 1.83293 -0.999193 -0.0132217 0.0379318 0.702314 0.0378859 0.00370546 0.999275 0.0124118
-0.00847663 0.999961 -0.00249231 1.87632 -0.999381 -0.00838656 0.0341668 0.269142 0.0341445 0.00278039 0.999413 0.00635057
-0.118067 0.993005 0.000726401 1.87791 -0.992401 -0.118021 0.034807 0.229713 0.0346492 0.00338868 0.999394 0.0271503
-0.284702 0.958609 0.00361527 1.86302 -0.957924 -0.284638 0.0369053 0.227848 0.0364068 0.00704388 0.999312 0.024099
-0.433967 0.900913 0.00524808 1.86275 -0.900171 -0.433834 0.0384767 0.222785 0.036941 0.0119735 0.999246 0.0249322
-0.574287 0.818637 0.00520891 1.86677 -0.81781 -0.573972 0.04175 0.227797 0.0371679 0.0197166 0.999115 0.0274689
-0.698253 0.715851 0.000846787 1.86476 -0.714589 -0.697092 0.0585305 0.226466 0.0424894 0.040264 0.998285 0.0146656
-0.803415 0.595386 0.00631217 1.85469 -0.59419 -0.802392 0.0557193 0.228464 0.0382393 0.0410151 0.998427 0.0502996
-0.888174 0.459425 0.00867656 1.85081 -0.458585 -0.88743 0.0465504 0.231704 0.0290863 0.037366 0.998878 0.0211833
-0.950713 0.309663 0.0159342 1.85862 -0.308764 -0.950166 0.0430061 0.239786 0.0284575 0.0359666 0.998948 0.0518102
-0.987297 0.158054 0.0162073 1.84485 -0.157089 -0.986344 0.0494801 0.247018 0.0238065 0.0463056 0.998644 0.0397998
-0.999898 0.000279669 0.0143083 1.84553 0.000604533 -0.998091 0.0617546 0.245951 0.0142983 0.061757 0.997989 0.042713
-0.99283 -0.11912 0.00998978 1.85672 0.119503 -0.991103 0.0585977 0.239985 0.00292072 0.0593713 0.998232 0.0199261
