1 2.35608e-25 2.8893e-26 7.40407e-26 -2.35608e-25 1 2.46137e-26 -1.5212e-26 -2.8893e-26 -2.46137e-26 1 -8.12836e-27
0.999977 -0.00151676 -0.0066133 0.0880177 0.00158935 0.999938 0.0109845 0.00895559 0.00659623 -0.0109947 0.999918 -0.0177686
0.999931 -0.00848369 -0.00816287 0.115916 0.00863405 0.99979 0.0185651 0.013879 0.00800366 -0.0186343 0.999794 -0.0422227
0.999944 -0.0038083 -0.00982927 0.485814 0.00392086 0.999927 0.0114581 0.0409175 0.00978492 -0.011496 0.999886 -0.0409197
0.99998 -0.00454171 -0.00433461 0.755516 0.00467969 0.999465 0.0323708 0.0392801 0.00418527 -0.0323904 0.999467 -0.0276789
0.999987 -0.00207488 -0.00456657 1.06148 0.00226015 0.999159 0.0409456 0.0470439 0.00447777 -0.0409554 0.999151 -0.0362169
0.999991 -0.00390684 -0.00167024 1.30331 0.00394895 0.999654 0.0259971 0.0410205 0.0015681 -0.0260034 0.999661 -0.05025
0.999985 -0.0049847 0.00221922 1.61832 0.00493404 0.99974 0.0222756 0.0306982 -0.00232968 -0.0222643 0.999749 -0.0266853
0.999999 -0.00136635 0.000725528 1.87651 0.00135368 0.999851 0.017189 0.0214769 -0.000748906 -0.017188 0.999852 -0.0547275
0.999916 0.00356001 0.0124264 2.25726 -0.00379179 0.999818 0.0186789 0.0247984 -0.0123576 -0.0187244 0.999748 -0.0201338
0.999831 0.00482859 0.0177299 2.75893 -0.0050124 0.999934 0.0103376 0.0173132 -0.0176788 -0.0104247 0.999789 -0.0473306
0.999809 0.009092 0.0172814 3.19067 -0.00922994 0.999926 0.00791893 0.0247846 -0.0172081 -0.00807693 0.999819 -0.0345577
0.999553 0.0153553 0.0256423 3.57517 -0.0154023 0.99988 0.00163852 0.0300448 -0.0256141 -0.00203273 0.99967 -0.0496171
0.999469 0.0148788 0.0289818 3.98753 -0.015297 0.999781 0.0142602 0.0316742 -0.0287632 -0.014696 0.999478 -0.0543459
0.999245 0.0194068 0.0336553 4.43076 -0.0198903 0.999703 0.0140901 0.0498283 -0.0333719 -0.0147489 0.999334 -0.0454929
0.987871 0.152902 0.0270595 4.43417 -0.153328 0.98807 0.0144225 0.0457781 -0.0245314 -0.0183966 0.99953 -0.0439518
0.959128 0.28088 0.0343575 4.41754 -0.281535 0.959419 0.0159057 0.0444162 -0.0284957 -0.0249285 0.999283 -0.0530732
0.915533 0.400128 0.0411972 4.42015 -0.401058 0.915891 0.0171938 0.0433286 -0.0308525 -0.032264 0.999003 -0.0492358
0.879079 0.475552 0.0327238 4.42716 -0.47617 0.879237 0.014282 0.0280299 -0.0219801 -0.0281371 0.999362 -0.0570457
0.875256 0.481409 0.0465967 4.7505 -0.482712 0.875506 0.0218856 -0.137674 -0.0302597 -0.0416483 0.998674 -0.0199784
0.892812 0.447407 0.0520965 4.91079 -0.448841 0.893398 0.0195376 -0.22786 -0.0378016 -0.0408265 0.998451 -0.0325342
0.944929 0.322934 0.053134 4.9174 -0.324514 0.945571 0.0241921 -0.226257 -0.0424295 -0.0401025 0.998294 -0.0355215
0.981015 0.186185 0.0542653 4.91763 -0.187743 0.981897 0.0251339 -0.237841 -0.0486033 -0.0348447 0.99821 -0.0424811
0.995094 0.0847905 0.0509747 4.90926 -0.085914 0.996096 0.0202656 -0.243308 -0.0490574 -0.0245456 0.998494 -0.0649584
0.997368 0.0476164 0.0546875 4.96252 -0.0489885 0.99851 0.0240286 -0.252564 -0.0534619 -0.0266444 0.998214 -0.057289
0.997233 0.0461541 0.0582749 5.33381 -0.0479911 0.998381 0.0305276 -0.286556 -0.0567715 -0.0332398 0.997834 -0.0871889
0.996399 0.0499994 0.0684755 5.57939 -0.0525781 0.997954 0.0363866 -0.308546 -0.066516 -0.0398559 0.996989 -0.091886
0.995997 0.054808 0.0706112 5.85108 -0.0565489 0.998137 0.0228946 -0.315829 -0.0692249 -0.026796 0.997241 -0.125354
0.995557 0.0628778 0.0700942 6.08866 -0.0645536 0.997674 0.0219019 -0.303376 -0.068554 -0.0263294 0.9973 -0.121911
0.995629 0.0602954 0.0713204 6.29757 -0.0625038 0.997619 0.0291463 -0.318123 -0.0693932 -0.0334767 0.997028 -0.136107
0.99625 0.0495776 0.0709034 6.28902 -0.0515072 0.998343 0.0256493 -0.328368 -0.0695143 -0.0292052 0.997153 -0.138837
0.996229 -0.0437458 0.0749279 6.27627 0.0419997 0.998812 0.0247238 -0.302444 -0.0759204 -0.0214836 0.996882 -0.144942
0.984697 -0.158437 0.072585 6.29829 0.155724 0.986922 0.0416606 -0.305737 -0.0782363 -0.0297198 0.996492 -0.133242
0.961477 -0.264704 0.0741169 6.29426 0.264195 0.964324 0.0167708 -0.293643 -0.075912 0.0034566 0.997109 -0.145499
0.932502 -0.35209 0.0804499 6.29305 0.351983 0.93587 0.0159722 -0.292338 -0.0809143 0.013423 0.996631 -0.155136
0.872294 -0.483135 0.0753936 6.29119 0.481644 0.875541 0.0380517 -0.299204 -0.0843943 0.00312059 0.996428 -0.122572
0.822088 -0.56416 0.0767713 6.2855 0.56466 0.825146 0.017126 -0.277145 -0.0730093 0.0292706 0.996902 -0.159783
0.734883 -0.673966 0.0756025 6.28134 0.674794 0.73779 0.017862 -0.288882 -0.0678171 0.0378896 0.996978 -0.14798
0.641996 -0.763229 0.0729583 6.29195 0.764928 0.644079 0.00684883 -0.274793 -0.0522181 0.0514109 0.997311 -0.156603
0.537192 -0.840173 0.0743914 6.28806 0.841589 0.539782 0.0190333 -0.258395 -0.0561464 0.0523825 0.997047 -0.139871
0.423701 -0.90255 0.0766896 6.27915 0.904266 0.426392 0.02219 -0.262138 -0.0527274 0.0599459 0.996808 -0.150955
0.295011 -0.9525 0.0755798 6.27266 0.954449 0.297464 0.0233014 -0.252301 -0.0446768 0.0652629 0.996867 -0.140042
0.151198 -0.985578 0.0759917 6.26887 0.986349 0.155494 0.0541903 -0.254337 -0.0652251 0.0667609 0.995635 -0.134638
0.0360486 -0.996735 0.0722427 6.25862 0.998799 0.0383343 0.0305057 -0.241697 -0.0331755 0.0710563 0.99692 -0.149558
-0.11884 -0.990363 0.0711166 6.26449 0.992661 -0.116891 0.030987 -0.243022 -0.0223755 0.0742771 0.996987 -0.170152
-0.245449 -0.967258 0.0645443 6.25908 0.968848 -0.242497 0.0502796 -0.23972 -0.0329815 0.0748748 0.996647 -0.15335
-0.370677 -0.92562 0.0763291 6.26392 0.928377 -0.366902 0.0591604 -0.240176 -0.0267548 0.0927915 0.995326 -0.153083
-0.471666 -0.87892 0.0709337 6.25308 0.881771 -0.470439 0.0341616 -0.249859 0.00334464 0.0786601 0.996896 -0.157009
-0.578965 -0.812517 0.0679461 6.23992 0.815266 -0.578101 0.0337603 -0.245881 0.0118489 0.0749402 0.997118 -0.161135
-0.690314 -0.720515 0.065761 6.24889 0.723339 -0.68927 0.0410869 -0.264436 0.0157233 0.0759304 0.996989 -0.143978
-0.79176 -0.606981 0.068489 6.24254 0.610113 -0.791281 0.0404519 -0.265471 0.0296405 0.0738142 0.996831 -0.142735
-0.864274 -0.497945 0.0712793 6.23592 0.501677 -0.863617 0.0498486 -0.278396 0.0367362 0.078842 0.99621 -0.147222
-0.920518 -0.384729 0.0680417 6.24084 0.387895 -0.920774 0.0413875 -0.286331 0.0467281 0.0644909 0.996824 -0.146073
-0.957603 -0.28245 0.0567357 6.23468 0.284543 -0.9581 0.0328511 -0.290035 0.0450797 0.0476021 0.997849 -0.154809
-0.987593 -0.143841 0.0630068 6.23141 0.145255 -0.989222 0.0184496 -0.284365 0.0596739 0.0273728 0.997843 -0.158111
-0.997842 -0.014963 0.0639328 6.23114 0.0168469 -0.999437 0.0290298 -0.278418 0.0634624 0.0300442 0.997532 -0.154355
-0.997644 -0.0182344 0.0661427 6.15789 0.0207475 -0.999081 0.0375105 -0.280881 0.0653979 0.0387944 0.997105 -0.138769
-0.997635 -0.0090828 0.0681365 5.93555 0.0110812 -0.999518 0.0290091 -0.270287 0.0678401 0.0296955 0.997254 -0.102683
-0.997679 -0.0137966 0.0666859 5.65796 0.0146919 -0.999808 0.012954 -0.285346 0.0664944 0.0139037 0.99769 -0.0900512
-0.997972 -0.0119201 0.062531 5.36792 0.015205 -0.998514 0.0523226 -0.282175 0.0618144 0.0531673 0.996671 -0.0533743
-0.999028 -0.0165106 0.0408686 4.9595 0.0183909 -0.998769 0.0460673 -0.281976 0.0400577 0.0467741 0.998102 -0.0433986
-0.999247 -0.0208867 0.0326997 4.53516 0.022122 -0.999037 0.0378818 -0.298683 0.031877 0.0385766 0.998747 -0.0492269
-0.999292 -0.0316734 0.0202813 4.04484 0.0323436 -0.998911 0.033618 -0.307493 0.0191944 0.0342501 0.999229 -0.0179833
-0.999285 -0.0314232 0.0210314 3.50158 0.0321026 -0.998947 0.0327891 -0.286183 0.0199789 0.0334408 0.999241 0.0256201
-0.993307 -0.111046 0.0317821 3.349 0.112315 -0.992811 0.0413652 -0.307457 0.0269601 0.0446579 0.998638 0.0814395
-0.967824 -0.250076 0.027903 3.35035 0.251012 -0.967253 0.0375974 -0.300038 0.017587 0.0433916 0.998903 0.0566526
-0.919388 -0.392744 0.0218853 3.35291 0.393328 -0.918534 0.0398577 -0.294509 0.00444851 0.0452528 0.998966 0.0583882
-0.842299 -0.53868 0.0188815 3.3577 0.538995 -0.84149 0.0371297 -0.288749 -0.00411239 0.0414513 0.999132 0.0462473
-0.760129 -0.64936 0.023121 3.36094 0.6497 -0.759034 0.0419189 -0.291383 -0.00967084 0.0468855 0.998853 0.0627931
-0.654468 -0.755549 0.0285778 3.36165 0.756057 -0.653624 0.0339479 -0.296081 -0.00697015 0.0438242 0.999015 0.0312637
-0.530285 -0.846966 0.0380277 3.36079 0.847736 -0.529072 0.0377552 -0.293235 -0.011858 0.0522585 0.998563 0.0394594
-0.405331 -0.913493 0.0351671 3.36724 0.913871 -0.403915 0.0411427 -0.300539 -0.0233791 0.0488146 0.998534 0.0657821
-0.269336 -0.962434 0.0343259 3.34836 0.96271 -0.268129 0.0359939 -0.303518 -0.025438 0.0427404 0.998762 0.0407225
-0.117516 -0.992146 0.0428452 3.35373 0.99275 -0.116272 0.0304602 -0.304445 -0.0252393 0.0461142 0.998617 0.0380468
0.0377813 -0.998208 0.0464049 3.35831 0.998692 0.039319 0.0326831 -0.301037 -0.0344492 0.0451094 0.998388 0.0416729
0.0358527 -0.99864 0.0378463 3.37236 0.998742 0.0371335 0.0336993 -0.114279 -0.0350588 0.0365905 0.998715 0.0219741
0.0424088 -0.998506 0.0344601 3.38006 0.998229 0.0437867 0.0402639 0.450729 -0.0417127 0.0326916 0.998595 -0.00642385
0.0463156 -0.998627 0.0244813 3.39945 0.998029 0.0472989 0.0412399 1.02036 -0.0423413 0.022523 0.998849 -0.0113899
0.0511324 -0.998217 0.030803 3.41925 0.997419 0.0525997 0.0488768 1.55281 -0.0504098 0.0282243 0.99833 -0.0551887
0.0545556 -0.997786 0.0380371 3.42468 0.996614 0.0567592 0.0594827 2.06984 -0.06151 0.0346632 0.997504 -0.0912021
0.0620672 -0.997563 0.0318723 3.42317 0.996637 0.0636584 0.0516051 2.33183 -0.0535083 0.0285621 0.998159 -0.0975843
0.0630009 -0.996955 0.0459487 3.4412 0.995845 0.0658309 0.0629247 2.66389 -0.065758 0.0417934 0.99696 -0.104583
0.0756261 -0.996155 0.0442181 3.45237 0.995382 0.0780483 0.0558924 3.14952 -0.0591287 0.0397869 0.997457 -0.105287
0.0815497 -0.99585 0.0403919 3.47456 0.994246 0.0841092 0.0663439 3.53896 -0.069466 0.0347491 0.996979 -0.134109
0.116322 -0.992287 0.0428388 3.48352 0.99067 0.119 0.066426 3.78118 -0.0710115 0.0347123 0.996871 -0.127232
0.272299 -0.961119 0.0458724 3.48238 0.959376 0.274845 0.0637013 3.78157 -0.0738323 0.0266631 0.996914 -0.126141
0.389031 -0.919752 0.0520752 3.46639 0.916751 0.392087 0.0763858 3.77051 -0.090674 0.0180236 0.995718 -0.15976
0.393831 -0.917807 0.0502758 3.54618 0.914948 0.396674 0.0742946 3.96697 -0.0881312 0.0167402 0.995968 -0.173193
0.39817 -0.915673 0.0547981 3.67177 0.912371 0.40151 0.0798093 4.29856 -0.0950813 0.0182185 0.995303 -0.223773
0.398178 -0.915224 0.0617985 3.76369 0.911552 0.402316 0.0849368 4.54722 -0.102599 0.0225125 0.994468 -0.259251
0.403047 -0.913518 0.0551241 3.8846 0.909139 0.406569 0.0903821 4.84538 -0.104977 0.0136872 0.99438 -0.305659
0.368746 -0.928614 0.0412691 3.93946 0.924346 0.37101 0.0890803 4.97037 -0.0980324 0.00529897 0.995169 -0.296162
0.252501 -0.966178 0.0523815 3.94129 0.962475 0.256359 0.0890079 4.96868 -0.0994259 0.0279413 0.994653 -0.315105
0.146773 -0.988027 0.047543 3.9403 0.984157 0.150693 0.0934195 4.9741 -0.0994653 0.0330783 0.994491 -0.310133
0.0512732 -0.997454 0.0495635 3.93945 0.994251 0.055654 0.0914764 4.96004 -0.0940019 0.0445883 0.994573 -0.302928
0.010788 -0.998412 0.0552846 3.92615 0.99586 0.015718 0.089531 5.11294 -0.0902578 0.0540899 0.994448 -0.305211
0.0170247 -0.996935 0.0763597 3.91795 0.995898 0.0236953 0.087321 5.54712 -0.0888627 0.0745599 0.993249 -0.326397
0.0271185 -0.995771 0.0877788 3.92482 0.996175 0.0342172 0.0804038 5.93262 -0.0830673 0.0852626 0.99289 -0.363827
-0.0077334 -0.998176 0.0598692 3.92114 0.996401 -0.00263781 0.0847274 6.07167 -0.0844149 0.060309 0.994604 -0.366242
-0.111643 -0.991215 0.0709105 3.90938 0.990722 -0.105454 0.0857291 6.06607 -0.0774981 0.0798236 0.993792 -0.365371
-0.209001 -0.975572 0.0676562 3.90078 0.975454 -0.20307 0.0851575 6.06435 -0.0693383 0.0837935 0.994068 -0.372819
-0.318417 -0.944453 0.081361 3.89396 0.94623 -0.311497 0.0872895 6.07162 -0.0570971 0.104781 0.992855 -0.374029
-0.419234 -0.904674 0.0762107 3.88368 0.906804 -0.413178 0.0836151 6.0719 -0.0441558 0.104162 0.99358 -0.356155
-0.539489 -0.83963 0.0630312 3.89187 0.84088 -0.533418 0.0915739 6.06637 -0.0432663 0.102405 0.993801 -0.369427
-0.636208 -0.767725 0.0764071 3.88833 0.771223 -0.630101 0.0904894 6.06856 -0.0213268 0.116497 0.992962 -0.367449
-0.727129 -0.680024 0.0940773 3.88937 0.686488 -0.721099 0.093543 6.06263 0.00422759 0.132601 0.991161 -0.373976
-0.803776 -0.588427 0.0877372 3.89254 0.594788 -0.798038 0.0967575 6.06662 0.013083 0.129956 0.991433 -0.376777
-0.874032 -0.479656 0.0774505 3.87633 0.485261 -0.869747 0.0897831 6.06351 0.0242973 0.116057 0.992945 -0.361468
-0.927818 -0.364296 0.0802595 3.8784 0.370614 -0.924674 0.087308 6.06781 0.042408 0.110751 0.992943 -0.370383
-0.960393 -0.262232 0.0942335 3.86635 0.270504 -0.958557 0.0894198 6.06888 0.0668795 0.111369 0.991526 -0.380649
-0.977113 -0.1979 0.0780072 3.87153 0.204734 -0.974451 0.0923546 6.06361 0.0577372 0.106212 0.992666 -0.378872
-0.975738 -0.210427 0.0604647 3.63059 0.215434 -0.972005 0.0937777 6.09661 0.0390386 0.104529 0.993755 -0.372554
-0.974515 -0.216331 0.0593381 3.46627 0.220984 -0.97128 0.0882122 6.12045 0.0385509 0.0990769 0.994333 -0.37709
-0.974338 -0.218134 0.0555269 3.26834 0.221893 -0.972244 0.0741903 6.16287 0.0378023 0.0846075 0.995697 -0.347484
-0.978988 -0.194811 0.0602561 3.06767 0.20026 -0.974209 0.103979 6.18891 0.0384457 0.113862 0.992752 -0.357
-0.978779 -0.197695 0.0539281 2.83278 0.202796 -0.972276 0.116419 6.22774 0.0294174 0.124885 0.991735 -0.38614
-0.983554 -0.174849 0.0452707 2.69245 0.178857 -0.977772 0.10942 6.24833 0.0251324 0.115718 0.992964 -0.335676
-0.997945 -0.0444729 0.046133 2.70417 0.0495207 -0.992157 0.114772 6.25906 0.040667 0.116821 0.99232 -0.35044
-0.993608 0.0972691 0.0572955 2.69935 -0.0905011 -0.989717 0.110765 6.24833 0.0674804 0.104872 0.992194 -0.35094
-0.973362 0.225593 0.0409069 2.70465 -0.220068 -0.969342 0.109298 6.25094 0.0643095 0.097384 0.993167 -0.346938
-0.930116 0.36439 0.0458784 2.70869 -0.357848 -0.927273 0.110049 6.25957 0.0826425 0.0859407 0.992867 -0.370104
-0.878389 0.47561 0.0472066 2.70376 -0.4705 -0.877841 0.0895812 6.24582 0.0840456 0.0564764 0.99486 -0.327181
-0.812552 0.581001 0.0468786 2.71138 -0.57541 -0.812369 0.0946535 6.26369 0.0930766 0.0499365 0.994406 -0.354487
-0.73015 0.681152 0.0539758 2.71354 -0.674655 -0.73119 0.101008 6.27692 0.108268 0.0373356 0.99342 -0.357444
-0.631084 0.773343 0.0606158 2.7026 -0.767773 -0.633866 0.0934789 6.26983 0.110714 0.0124538 0.993774 -0.352116
-0.543812 0.837588 0.0521004 2.70546 -0.833283 -0.546296 0.0848589 6.27507 0.099539 0.00273297 0.99503 -0.364262
-0.438722 0.897411 0.0466647 2.70589 -0.894582 -0.441079 0.071917 6.31186 0.0851219 -0.0101939 0.996318 -0.359904
-0.330053 0.942544 0.0517341 2.70353 -0.939713 -0.333268 0.0766338 6.29131 0.089472 -0.023322 0.995716 -0.359788
-0.33465 0.940669 0.0561423 2.66804 -0.938308 -0.338132 0.0724256 6.17575 0.087112 -0.0284415 0.995792 -0.341171
-0.350394 0.935871 0.0370003 2.60413 -0.932978 -0.352237 0.0740313 5.95287 0.0823167 -0.00858034 0.996569 -0.311206
-0.350795 0.936169 0.0230459 2.53206 -0.933885 -0.351549 0.0653598 5.73655 0.0692895 0.00140569 0.997596 -0.261998
-0.349041 0.936559 0.0320718 2.49861 -0.932434 -0.35051 0.0878052 5.57388 0.0934762 0.000742713 0.995621 -0.306263
-0.352193 0.935555 0.0263961 2.44253 -0.93192 -0.353152 0.0825082 5.37483 0.0865128 0.00445976 0.996241 -0.339053
-0.339601 0.940531 0.00854214 2.35745 -0.936629 -0.338995 0.0883675 5.1001 0.0860081 0.0220089 0.996051 -0.335137
-0.339999 0.940351 0.0118387 2.27099 -0.937117 -0.339831 0.0795429 4.84559 0.0788215 0.0159503 0.996761 -0.280332
-0.339733 0.940511 -0.00453567 2.20072 -0.938425 -0.338649 0.0683738 4.5527 0.0627704 0.0274852 0.997649 -0.232106
-0.346929 0.937683 -0.0197496 2.07543 -0.936365 -0.345087 0.0643036 4.19655 0.053481 0.0408016 0.997735 -0.216505
-0.313259 0.949399 -0.0225928 2.0157 -0.948204 -0.311367 0.0629225 3.96679 0.0527039 0.0411336 0.997763 -0.202973
-0.193764 0.980856 -0.0194109 2.0154 -0.979327 -0.192215 0.0630199 3.9647 0.0580824 0.0312206 0.997823 -0.205964
-0.145919 0.988787 -0.0317407 1.98547 -0.987607 -0.143721 0.0630628 3.80163 0.0577939 0.0405494 0.997505 -0.213881
-0.146037 0.98868 -0.0344283 1.93494 -0.987828 -0.143851 0.0591762 3.28571 0.0535537 0.0426511 0.997654 -0.166611
-0.156276 0.986972 -0.0382646 1.8514 -0.986295 -0.15386 0.0595716 2.80535 0.0529082 0.0470498 0.99749 -0.13328
-0.090213 0.99504 -0.0419125 1.85031 -0.994404 -0.0876722 0.058951 2.78128 0.0549841 0.0469961 0.997381 -0.123278
-0.0891109 0.995316 -0.0374768 1.81499 -0.994989 -0.0872423 0.0488475 2.26999 0.0453491 0.0416418 0.998103 -0.119112
-0.0925564 0.994589 -0.0471714 1.78614 -0.994552 -0.0900637 0.0524842 1.7932 0.0479518 0.0517721 0.997507 -0.0742835
-0.0840687 0.996149 -0.0249005 1.7856 -0.99554 -0.0828916 0.0450353 1.50621 0.0427978 0.0285755 0.998675 -0.0401642
-0.0193387 0.999169 -0.035871 1.7709 -0.998731 -0.0176363 0.0471835 1.49206 0.0465117 0.036738 0.998242 -0.0559237
-0.0194877 0.999471 -0.0260279 1.78116 -0.998967 -0.0183958 0.0415516 1.11477 0.0410508 0.0268108 0.998797 -0.0263019
-0.0133789 0.999905 -0.00320703 1.83011 -0.999193 -0.0132477 0.0379298 0.702148 0.0378837 0.00371189 0.999275 0.0123159
-0.00850267 0.999961 -0.00249789 1.87347 -0.999381 -0.0084124 0.0341647 0.268973 0.0341423 0.00278684 0.999413 0.00625356
-0.118093 0.993002 0.000720833 1.87504 -0.992398 -0.118046 0.0348048 0.229543 0.0346463 0.00339485 0.999394 0.0270527
-0.284727 0.958602 0.00360975 1.86014 -0.957917 -0.284663 0.0369031 0.227677 0.0364029 0.00704945 0.999312 0.0240008
-0.43399 0.900902 0.00524259 1.85985 -0.90016 -0.433857 0.0384744 0.222613 0.0369362 0.0119784 0.999246 0.0248334
-0.574308 0.818623 0.0052035 1.86385 -0.817795 -0.573993 0.0417477 0.227624 0.0371624 0.0197206 0.999115 0.0273697
-0.698271 0.715833 0.000841795 1.86181 -0.714572 -0.69711 0.0585283 0.226291 0.0424833 0.0402671 0.998285 0.0145659
-0.80343 0.595366 0.0063071 1.85173 -0.59417 -0.802407 0.0557169 0.228288 0.0382328 0.0410172 0.998427 0.0501993
-0.888186 0.459403 0.00867126 1.84785 -0.458563 -0.887442 0.0465481 0.231529 0.0290795 0.037367 0.998878 0.021083
-0.950721 0.309639 0.0159288 1.85566 -0.30874 -0.950174 0.0430035 0.239611 0.0284507 0.0359665 0.998948 0.0517099
-0.987301 0.15803 0.016202 1.84189 -0.157065 -0.986348 0.0494776 0.246843 0.0237998 0.0463045 0.998644 0.0396994
-0.999898 0.000254562 0.0143034 1.84257 0.000629255 -0.998091 0.0617521 0.245776 0.0142918 0.0617548 0.997989 0.0426126
-0.992827 -0.119145 0.00998478 1.85376 0.119528 -0.9911 0.0585952 0.239809 0.00291457 0.0593684 0.998232 0.0198258
